name: BettermentCaseStudy
channels:
- defaults
dependencies:
- backports=1.0=py27h6492d98_1
- backports.functools_lru_cache=1.4=py27h9586e20_1
- backports_abc=0.5=py27h0ec6b72_0
- ca-certificates=2017.08.26=h94faf87_0
- certifi=2018.1.18=py27_0
- cycler=0.10.0=py27h59acbbf_0
- freetype=2.8=hea645e0_1
- functools32=3.2.3.2=py27h0cdbcdb_1
- icc_rt=2017.0.4=h97af966_0
- icu=58.2=h2aa20d9_1
- intel-openmp=2018.0.0=hd92c6cd_8
- jpeg=9b=ha175dff_2
- libpng=1.6.34=h325896a_0
- matplotlib=2.1.2=py27ha51faf0_0
- mkl=2018.0.1=h2108138_4
- numpy=1.14.0=py27hfef472a_1
- openssl=1.0.2n=hc64555f_0
- pandas=0.22.0=py27hc56fc5f_0
- patsy=0.5.0=py27_0
- pip=9.0.1=py27hdaa76b4_4
- pyparsing=2.2.0=py27hc7d9fa6_1
- pyqt=5.6.0=py27h224ed30_5
- python=2.7.14=h8c3f1cb_23
- python-dateutil=2.6.1=py27hbdcc174_1
- pytz=2018.3=py27_0
- qt=5.6.2=vc9hc26998b_12
- scipy=1.0.0=py27h7cd1477_0
- seaborn=0.8.1=py27hab56d54_0
- setuptools=38.5.1=py27_0
- singledispatch=3.4.0.3=py27h3f9d112_0
- sip=4.18.1=py27h5ec1c1a_2
- six=1.11.0=py27ha5e1701_1
- sqlite=3.22.0=h8b3e59e_0
- ssl_match_hostname=3.5.0.1=py27hea8a0f4_2
- statsmodels=0.8.0=py27hc77c1fc_0
- tornado=4.5.3=py27_0
- tqdm=4.19.4=py27hcd6f2ac_0
- vc=9=h7299396_1
- vs2008_runtime=9.00.30729.1=hfaea7d5_1
- vs2015_runtime=14.0.25123=3
- wheel=0.30.0=py27ha643586_1
- wincertstore=0.2=py27hf04cefb_0
- zlib=1.2.11=hbc2faf4_2
- pip:
  - backports-abc==0.5
  - backports.functools-lru-cache==1.4
  - backports.ssl-match-hostname==3.5.0.1
prefix: C:\Users\Tiger\.conda\envs\BettermentCaseStudy

